100
4
10 5 15 5
2
100 100
8
81 81 81 81 81 81 81 0
6
23 90 40 0 100 9
2
0 0
10
100 0 100 0 100 0 100 0 100 0
10
100 100 100 100 100 100 100 100 100 0
5
63 51 12 81 21
6
82 63 87 4 23 3
7
89 55 18 67 58 50 93
8
96 9 8 68 23 60 74 59
9
28 8 45 44 19 76 36 30 12
10
67 87 95 20 40 30 9 85 62 28
10
17 88 53 67 56 23 4 89 29 79
10
88 81 65 54 25 5 25 69 10 81
10
74 48 35 48 95 46 78 23 83 96
10
84 18 93 57 41 12 21 11 49 52
10
87 16 28 28 45 60 90 5 76 22
10
7 52 57 61 14 38 58 82 60 16
10
68 0 86 77 73 58 77 90 6 91
10
31 85 3 67 52 78 95 28 38 3
10
49 73 44 48 88 99 63 26 20 13
10
11 7 52 82 38 98 90 38 39 85
10
57 80 33 92 8 15 50 83 97 49
10
54 86 38 93 80 17 70 12 13 22
10
71 60 64 29 74 63 69 22 95 85
10
78 19 33 65 31 3 22 30 94 13
10
65 21 37 12 9 42 29 74 58 57
10
4 37 6 59 39 63 70 35 49 80
10
98 52 71 50 20 57 47 33 4 72
10
70 55 1 59 31 61 27 27 99 34
10
72 4 70 68 0 41 36 89 70 96
10
33 9 6 17 15 93 81 96 82 96
10
56 17 72 16 89 88 90 34 14 6
10
2 45 98 36 42 75 32 48 15 53
10
98 22 13 4 96 41 26 0 31 42
10
68 51 51 77 56 58 27 42 22 71
10
35 29 79 37 27 85 14 52 31 8
10
14 38 21 46 88 7 67 17 54 48
10
59 98 70 13 51 6 81 91 24 42
10
36 30 44 98 15 93 86 3 33 4
10
67 15 1 20 89 89 70 48 42 89
10
8 86 74 70 38 95 76 87 30 51
10
36 90 67 68 52 10 58 12 8 58
10
7 71 90 13 60 61 31 26 71 15
10
39 66 49 14 75 33 88 2 47 48
10
41 16 92 29 84 32 25 17 60 54
10
44 73 11 72 82 93 3 6 23 51
10
74 41 26 93 71 80 38 48 79 90
10
3 6 25 11 16 77 20 91 79 2
10
10 18 67 65 88 85 86 22 66 32
10
68 52 12 0 39 25 29 20 33 10
10
81 38 54 87 75 93 42 67 93 34
10
21 27 43 52 68 6 89 73 93 63
10
1 56 12 1 48 65 16 85 69 97
10
12 63 95 25 49 92 42 51 64 99
10
18 67 76 40 36 37 75 56 11 29
10
94 25 61 35 6 67 33 98 27 51
10
59 49 90 61 11 74 48 35 52 85
10
38 45 85 95 4 45 17 42 63 41
10
55 79 19 11 68 9 6 15 89 97
10
14 17 43 67 7 79 99 32 93 39
10
78 58 37 34 91 45 90 83 69 40
10
66 93 48 24 38 48 16 27 60 16
10
66 36 43 7 87 56 39 22 6 2
10
62 70 6 83 90 70 83 64 13 53
10
68 18 87 3 51 48 22 3 32 60
10
12 71 10 48 15 46 49 58 26 93
10
0 42 34 58 9 36 19 49 76 59
10
97 43 53 11 98 7 43 21 10 63
10
43 5 55 25 46 85 87 10 12 4
10
60 18 66 27 46 50 39 71 90 39
10
71 67 35 16 55 80 78 95 20 35
10
23 87 78 3 1 54 58 54 21 31
10
36 16 78 1 14 41 4 22 74 21
10
60 1 8 51 62 88 74 98 81 74
10
49 74 88 33 82 61 60 53 95 66
10
49 73 66 32 82 68 18 76 2 15
10
2 64 92 59 10 41 75 46 78 86
10
33 99 49 40 21 14 3 96 93 80
10
44 66 92 99 17 1 96 51 44 93
10
41 98 41 97 36 2 5 97 38 60
10
33 57 97 75 42 15 39 12 0 47
10
85 54 50 9 57 15 26 94 70 61
10
48 72 96 97 60 59 85 61 53 72
10
92 59 68 29 62 4 84 83 34 65
10
16 79 49 59 20 33 81 35 65 3
10
59 46 45 30 62 14 24 86 31 43
10
80 99 40 96 43 2 25 12 69 5
10
92 32 3 48 94 39 66 89 97 13
10
34 41 49 14 26 53 49 60 56 17
10
38 44 78 46 64 95 93 11 12 62
10
91 7 43 51 60 76 79 75 31 90
10
81 81 47 50 14 21 52 59 17 46
10
72 73 49 54 57 24 6 18 44 48
10
46 21 68 85 42 2 12 60 10 85
10
6 72 53 75 44 36 54 18 59 95
10
98 66 22 22 47 78 97 81 66 67
10
99 92 89 75 22 49 88 60 40 60
10
17 79 99 91 37 41 16 14 78 1
